# 焦距
fx: 1.0
fy: 1.0

# 中心偏移坐标
cx: 0.0
cy: 0.0

# 畸变系数（径向和切向）
k1: 0
k2: 0
p1: 0
p2: 0
k3: 0
